5.024873109264917730e+03 5.075629403297896715e+03
5.075374346543962019e+03 5.126640754084810396e+03
5.126383133946414091e+03 5.178164781764055078e+03
5.177904572478540103e+03 5.230206638867211950e+03
5.229943814412998108e+03 5.282771529710099458e+03
5.282506063804084079e+03 5.335864710913216186e+03
5.335596577008144777e+03 5.389491491927419702e+03
5.389220663209232953e+03 5.443657235564880466e+03
5.443383684950028510e+03 5.498367358535381754e+03
5.498091058668118421e+03 5.553627331987999241e+03
5.553348255237649028e+03 5.609442682058230275e+03
5.609160800516418021e+03 5.665818990420624687e+03
5.665534275898492524e+03 5.722761894846962605e+03
5.722474318872347794e+03 5.780277089770047496e+03
5.779986623584632071e+03 5.838370326853163533e+03
5.838076941409603023e+03 5.897047415565256415e+03
5.896751081524273104e+03 5.956314223761893118e+03
5.956014911489342012e+03 6.016176678272062418e+03
6.015874357835969022e+03 6.076640765490877129e+03
6.076335406658439751e+03 6.137712531978223524e+03
6.137404104212796483e+03 6.199398085063430699e+03
6.199086557521468421e+03 6.261703593456028102e+03
6.261388934983995568e+03 6.324635287862621226e+03
6.324317466993885319e+03 6.388199461609984610e+03
6.387878446561663623e+03 6.452402471274405798e+03
6.452078229944191662e+03 6.517250737317363928e+03
6.516923237280313515e+03 6.582750744727589336e+03
6.582419953232878470e+03 6.648909043669575112e+03
6.648574927637229848e+03 6.715732250138615200e+03
6.715394776156195803e+03 6.783227046622421767e+03
6.782886180941687599e+03 6.851400182769380081e+03
6.851055891302910823e+03 6.920258476063545459e+03
6.919910724381330510e+03 6.989808812506395043e+03
6.989457565832398359e+03 7.060058147305453531e+03
7.059703370514132075e+03 7.131013505569830158e+03
7.130655163182616889e+03 7.202681983012743331e+03
7.202320039194501078e+03 7.275070746661112025e+03
7.274705165216556452e+03 7.348187035572278546e+03
7.347817779942350171e+03 7.422038161557929925e+03
7.421665194816143412e+03 7.496631509915296192e+03
7.496254794764043254e+03 7.571974540165700091e+03
7.571594038932525109e+03 7.648074786800531911e+03
7.647690461434360259e+03 7.724939860034707635e+03
7.724551672102042176e+03 7.802577446567719562e+03
7.802185357248798027e+03 7.880995310352320303e+03
7.880599280437227208e+03 7.960201293370935673e+03
7.959801283255689668e+03 8.040203316419889234e+03
8.039799286102480437e+03 8.121009379901495777e+03
8.120601288977883087e+03 8.202627564624124716e+03
8.202215372284194018e+03 8.285066032610295224e+03
8.284649697633782125e+03 8.368333027912911348e+03
8.367912508665276619e+03 8.452436877439673481e+03
8.452012131867941207e+03 8.537385991785800798e+03
8.536956977414354697e+03 8.623188866075106489e+03
8.622755540001435293e+03 8.709854080809529478e+03
8.709416399699941394e+03 8.797390302727213566e+03
8.796948222812503445e+03 8.885806285669195859e+03
8.885359762740268707e+03 8.975110871454817243e+03
8.974659860858260799e+03 9.065312990765918585e+03
9.064857447399550438e+03 9.156421664039948155e+03
9.155961542348288276e+03 9.248446002372009389e+03
9.247981256341739936e+03 9.341395208425999954e+03
9.340925791581354133e+03 9.435278577354903973e+03
9.434804442753025796e+03 9.530105497730330171e+03
9.529626597956572368e+03 9.625885452481388711e+03
9.625401739644581539e+03 9.722628019843008587e+03
9.722139445570655880e+03 9.820342874313793800e+03
9.819849389747245368e+03 9.919039787623480152e+03
9.918541343413045979e+03 1.001872862971014729e+04
1.001822517601016443e+04 1.011941936970723509e+04
1.011891085617107092e+04 1.022112207694047174e+04
1.022060845271549988e+04 1.032384692193484989e+04
1.032332813565736615e+04 1.042760417743168182e+04
1.042708017722175828e+04 1.053240421941592103e+04
1.053187495287223101e+04 1.063825752815376654e+04
1.063772294234833134e+04 1.074517468924073910e+04
1.074463473071364024e+04 1.085316639466024390e+04
1.085262100941428071e+04 1.096224344385280892e+04
1.096169257734809253e+04 1.107241674479605172e+04
1.107186034194455715e+04 1.118369731509551093e+04
1.118313532025555651e+04 1.129609628308642277e+04
1.129552864005712217e+04 1.140962488894658964e+04
1.140905154096222032e+04 1.152429448582042278e+04
1.152371537554475617e+04 1.164011654095429731e+04
1.163953161047485446e+04 1.175710263684328675e+04
1.175651182766555394e+04 1.187526447238945002e+04
1.187466772543103980e+04 1.199461386407175632e+04
1.199401111965647760e+04 1.211516274712775157e+04
1.211455394497965608e+04 1.223692317674712831e+04
1.223630825598447882e+04 1.235990732927724821e+04
1.235928622840643220e+04 1.248412750344084088e+04
1.248350016035021690e+04 1.260959612156587355e+04
1.260896247351956481e+04 1.273632573082784438e+04
1.273568571445945963e+04 1.286432900450450506e+04
1.286368255581081212e+04 1.299361874324324344e+04
1.299296579757775180e+04 1.312420787634116459e+04
1.312354836840768075e+04 1.325610946303805940e+04
1.325544332688413851e+04 1.338933669382236076e+04
1.338866386283272004e+04 1.352390289175022372e+04
1.352322329864008498e+04 1.365982151377786067e+04
1.365913509058621457e+04 1.379710615210728793e+04
1.379641283019009461e+04 1.393577053554555096e+04
1.393507024556888973e+04 1.407582853087766671e+04
1.407512120281078933e+04 1.421729414425332288e+04
1.421657970736165225e+04 1.436018152258752707e+04
1.435945990542558866e+04 1.450450495497534212e+04
1.450377608537961351e+04 1.465027887412082055e+04
1.464954267920252278e+04 1.479751785778032718e+04
1.479677426391812696e+04 1.494623663022033179e+04
1.494548556305298189e+04 1.509645006368988288e+04
1.509569144810879152e+04 1.524817317990787160e+04
1.524740694004958459e+04 1.540142115156523687e+04
1.540064721080385061e+04 1.555620930384227358e+04
1.555542758478178075e+04 1.571255311594119303e+04
1.571176354040772640e+04 1.587046822263406648e+04
1.586967071166810638e+04 1.602997041582636666e+04
1.602916488967482110e+04 1.619107564613617797e+04
1.619026202424440999e+04 1.635380002448930463e+04
1.635297822549309785e+04 1.651815982373040606e+04
1.651732976544780831e+04 1.668417148025030838e+04
1.668333307967341170e+04 1.685185159562970875e+04
1.685100476891636208e+04 1.702121693829935612e+04
1.702036160076477245e+04 1.719228444521693746e+04
1.719142051132522101e+04 1.736507122356082982e+04
1.736419860691642680e+04 1.753959455244083438e+04
1.753871316577990729e+04 1.771587188462617269e+04
1.771498163980785102e+04 1.789392084829075611e+04
1.789302165628832881e+04 1.807375924877609214e+04
1.807285101966811271e+04 1.825540507037183124e+04
1.825448771333312106e+04 1.843887647811426359e+04
1.843794990140682057e+04 1.862419181960284914e+04
1.862325593056668731e+04 1.881136962683503589e+04
1.881042433187891584e+04 1.900042861805951179e+04
1.899947382265156921e+04 1.919138769964804669e+04
1.919042330830635547e+04 1.938426596798621540e+04
1.938329188426923065e+04 1.957908271138306372e+04
1.957809883787997751e+04 1.977585741199997574e+04
1.977486365032098183e+04 1.997460974779897151e+04
1.997460974779897151e+04 2.017435584527696483e+04
